4.00000000
2.00000000
10.00000000
2.00000000
2.00000000
-109.42700195
451.23001099
-109.42700195
490.67599487
-0.02435000
0.01642000
-0.03287000
0.04236000
-0.18677182
-0.37649642
-0.39749947
0.40236280
-0.14117629
0.23809308
0.05704255
0.10778743
-0.27440850
0.15803241
-0.55122141
0.00349770
-0.33043314
-0.51493673
-0.23827613
-0.45023192
0.46100868
-0.37720980
0.08062660
-0.03928807
-0.28363479
-0.45157111
0.31507435
-0.49578677
-0.53399826
-0.37048638
-0.40717333
-0.35814868
-0.36601252
0.31814419
0.01890078
-0.48769323
-0.35004810
0.44043155
0.05864834
-0.27848370
-0.09685374
0.25291170
-0.32787958
-0.18144891
-0.28722146
-0.04326348
0.17947753
-0.30021859
0.30820603
0.52487435
-0.00147188
0.14260001
-0.24994250
0.44748427
-0.36384810
0.02147464
-0.02646427
-0.20109825
0.21883465
-0.35635025
0.09184734
0.22332825
